1409, 1036
1410, 1035
1410, 1029
1409, 1028
1409, 1020
1409, 1028
1410, 1029
1410, 1035
1518, 1043
1518, 1041
1520, 1039
1520, 1036
1521, 1035
1521, 1033
1522, 1032
1522, 1031
1523, 1030
1523, 1029
1524, 1028
1524, 1026
1526, 1024
1526, 1023
1527, 1022
1527, 1021
1528, 1020
1528, 1021
1527, 1022
1527, 1023
1526, 1024
1526, 1025
1524, 1027
1524, 1028
1523, 1029
1523, 1031
1522, 1032
1522, 1033
1521, 1034
1521, 1035
1520, 1036
1520, 1040
1518, 1042
1457, 1063
1457, 1060
1456, 1059
1456, 1056
1455, 1055
1455, 1045
1456, 1044
1456, 1039
1457, 1038
1457, 1035
1456, 1034
1456, 1033
1455, 1032
1455, 1031
1454, 1030
1454, 1020
1454, 1024
1455, 1025
1454, 1026
1454, 1028
1455, 1029
1456, 1029
1458, 1027
1458, 1026
1457, 1025
1457, 1024
1458, 1024
1458, 1028
1457, 1029
1455, 1029
1454, 1030
1456, 1032
1456, 1034
1457, 1035
1457, 1038
1456, 1039
1456, 1044
1455, 1045
1455, 1055
1456, 1056
1456, 1059
1457, 1060
1457, 1062
1458, 1063
1845, 1064
1845, 1063
1844, 1062
1843, 1062
1843, 1061
1841, 1059
1841, 1058
1840, 1057
1840, 1056
1830, 1046
1829, 1046
1828, 1045
1827, 1045
1822, 1040
1817, 1040
1816, 1041
1815, 1041
1814, 1042
1814, 1050
1813, 1051
1813, 1056
1818, 1061
1817, 1061
1814, 1058
1814, 1057
1813, 1056
1813, 1051
1814, 1050
1814, 1042
1816, 1040
1820, 1040
1821, 1039
1822, 1040
1823, 1040
1828, 1045
1829, 1045
1830, 1046
1831, 1046
1840, 1055
1840, 1056
1841, 1057
1841, 1058
1843, 1060
1843, 1061
1845, 1063
1537, 1078
1537, 1077
1538, 1076
1538, 1075
1539, 1074
1539, 1071
1540, 1070
1540, 1069
1542, 1067
1542, 1066
1545, 1063
1546, 1063
1548, 1061
1549, 1061
1550, 1062
1549, 1061
1547, 1063
1546, 1063
1542, 1067
1542, 1068
1540, 1070
1540, 1071
1539, 1072
1539, 1075
1537, 1077
1539, 1079
1543, 1075
1546, 1075
1547, 1074
1548, 1074
1553, 1069
1555, 1069
1555, 1073
1554, 1074
1554, 1075
1553, 1074
1555, 1072
1555, 1070
1554, 1069
1550, 1073
1549, 1073
1548, 1074
1547, 1074
1546, 1075
1544, 1075
1540, 1079
1559, 1087
1559, 1086
1560, 1085
1560, 1084
1561, 1083
1561, 1082
1563, 1080
1563, 1079
1566, 1076
1568, 1076
1569, 1077
1570, 1077
1571, 1076
1571, 1074
1569, 1072
1569, 1068
1566, 1065
1565, 1066
1564, 1065
1567, 1065
1568, 1066
1568, 1067
1569, 1068
1569, 1071
1570, 1072
1570, 1073
1571, 1074
1571, 1077
1569, 1077
1568, 1076
1567, 1076
1563, 1080
1563, 1081
1561, 1083
1561, 1084
1560, 1085
1560, 1086
1556, 1093
1555, 1092
1555, 1090
1555, 1091
1557, 1093
1558, 1092
1558, 1091
1559, 1091
1560, 1090
1560, 1089
1562, 1089
1563, 1088
1568, 1088
1569, 1087
1572, 1087
1573, 1086
1576, 1086
1577, 1085
1583, 1085
1584, 1084
1588, 1084
1591, 1081
1592, 1081
1591, 1082
1590, 1082
1588, 1084
1585, 1084
1584, 1085
1578, 1085
1577, 1086
1573, 1086
1572, 1087
1569, 1087
1568, 1088
1564, 1088
1563, 1089
1561, 1089
1560, 1090
1560, 1091
1559, 1091
1557, 1093
1574, 1100
1575, 1099
1574, 1098
1573, 1098
1573, 1097
1574, 1098
1575, 1098
1576, 1097
1576, 1096
1574, 1094
1570, 1094
1569, 1093
1569, 1092
1571, 1090
1575, 1090
1576, 1089
1580, 1089
1581, 1088
1584, 1088
1585, 1087
1588, 1087
1585, 1087
1584, 1088
1581, 1088
1580, 1089
1576, 1089
1575, 1090
1575, 1091
1574, 1090
1572, 1090
1571, 1091
1570, 1091
1569, 1092
1571, 1094
1574, 1094
1576, 1096
1576, 1097
1575, 1098
1575, 1099
1501, 1114
1501, 1106
1500, 1105
1500, 1097
1499, 1096
1499, 1093
1499, 1095
1500, 1096
1500, 1105
1501, 1106
1498, 1116
1498, 1115
1497, 1114
1497, 1105
1496, 1104
1496, 1101
1494, 1099
1494, 1098
1489, 1093
1489, 1092
1494, 1097
1494, 1098
1495, 1099
1495, 1100
1496, 1101
1496, 1104
1497, 1105
1497, 1114
1498, 1115
1394, 1116
1395, 1116
1397, 1114
1397, 1113
1398, 1112
1398, 1111
1402, 1107
1402, 1098
1403, 1097
1403, 1087
1404, 1086
1404, 1078
1405, 1077
1405, 1068
1406, 1067
1406, 1058
1407, 1057
1407, 1056
1408, 1055
1408, 1053
1408, 1055
1407, 1056
1407, 1057
1406, 1058
1406, 1067
1405, 1068
1405, 1077
1404, 1078
1404, 1086
1403, 1087
1403, 1097
1402, 1098
1402, 1107
1401, 1108
1401, 1109
1398, 1112
1398, 1113
1397, 1114
1397, 1115
1396, 1115
1395, 1116
1463, 1120
1464, 1120
1465, 1119
1465, 1117
1464, 1116
1463, 1117
1463, 1116
1464, 1115
1465, 1116
1465, 1120
1462, 1125
1461, 1124
1461, 1122
1460, 1121
1460, 1115
1459, 1114
1459, 1112
1461, 1110
1461, 1109
1462, 1108
1462, 1106
1463, 1105
1463, 1101
1462, 1100
1462, 1099
1461, 1098
1461, 1085
1460, 1084
1460, 1082
1461, 1081
1461, 1067
1461, 1081
1460, 1082
1460, 1084
1461, 1085
1461, 1098
1462, 1099
1462, 1100
1463, 1101
1463, 1105
1462, 1106
1462, 1107
1463, 1108
1464, 1108
1465, 1109
1465, 1112
1464, 1112
1464, 1111
1465, 1110
1465, 1109
1464, 1108
1462, 1108
1461, 1109
1461, 1110
1459, 1112
1459, 1114
1460, 1115
1460, 1121
1461, 1122
1461, 1124
1555, 1127
1556, 1126
1554, 1124
1553, 1125
1553, 1124
1554, 1123
1554, 1122
1556, 1120
1556, 1119
1558, 1117
1558, 1116
1557, 1115
1558, 1114
1558, 1113
1559, 1113
1558, 1114
1558, 1118
1556, 1120
1556, 1121
1554, 1123
1554, 1124
1556, 1126
1557, 1125
1557, 1124
1558, 1124
1559, 1123
1559, 1121
1560, 1120
1560, 1119
1563, 1116
1563, 1115
1561, 1113
1561, 1110
1559, 1108
1559, 1105
1560, 1104
1560, 1102
1562, 1100
1562, 1099
1563, 1098
1563, 1097
1564, 1098
1565, 1098
1564, 1098
1562, 1100
1562, 1101
1560, 1103
1560, 1104
1559, 1105
1559, 1107
1560, 1108
1560, 1109
1561, 1110
1561, 1112
1562, 1113
1562, 1114
1563, 1115
1564, 1114
1564, 1113
1566, 1111
1566, 1110
1567, 1109
1567, 1107
1568, 1106
1568, 1099
1567, 1098
1567, 1097
1566, 1096
1566, 1095
1564, 1093
1565, 1093
1566, 1094
1566, 1095
1567, 1096
1567, 1097
1568, 1098
1568, 1106
1567, 1107
1567, 1110
1566, 1111
1566, 1112
1564, 1114
1564, 1115
1562, 1117
1562, 1118
1561, 1118
1560, 1119
1560, 1120
1559, 1121
1559, 1123
1556, 1135
1556, 1130
1560, 1126
1560, 1125
1562, 1123
1562, 1122
1564, 1120
1564, 1119
1566, 1117
1566, 1116
1567, 1115
1567, 1114
1568, 1113
1568, 1112
1568, 1113
1567, 1114
1567, 1116
1565, 1118
1565, 1119
1564, 1120
1564, 1121
1562, 1123
1562, 1124
1560, 1126
1560, 1127
1556, 1131
1556, 1132
1557, 1133
1556, 1134
1558, 1136
1559, 1135
1559, 1134
1562, 1131
1562, 1130
1563, 1129
1563, 1127
1565, 1125
1565, 1124
1568, 1121
1568, 1119
1569, 1118
1569, 1117
1570, 1116
1570, 1111
1571, 1110
1570, 1109
1570, 1107
1570, 1108
1571, 1109
1571, 1110
1570, 1111
1570, 1116
1569, 1117
1569, 1119
1568, 1120
1568, 1121
1566, 1123
1566, 1124
1565, 1125
1565, 1126
1563, 1128
1563, 1129
1562, 1130
1562, 1131
1561, 1132
1561, 1133
1698, 1143
1703, 1143
1704, 1142
1706, 1142
1707, 1141
1709, 1141
1710, 1140
1711, 1140
1712, 1139
1713, 1139
1714, 1138
1715, 1138
1716, 1137
1718, 1137
1719, 1136
1720, 1136
1721, 1135
1722, 1135
1723, 1134
1724, 1134
1725, 1133
1726, 1133
1728, 1131
1729, 1131
1731, 1129
1732, 1129
1745, 1116
1745, 1115
1748, 1112
1748, 1111
1749, 1110
1749, 1109
1750, 1108
1750, 1107
1751, 1106
1751, 1105
1752, 1104
1752, 1103
1753, 1102
1753, 1101
1754, 1100
1754, 1099
1755, 1098
1755, 1096
1756, 1095
1756, 1092
1757, 1091
1757, 1089
1758, 1088
1758, 1085
1759, 1084
1759, 1081
1760, 1080
1760, 1077
1761, 1076
1761, 1073
1762, 1072
1762, 1071
1763, 1070
1763, 1069
1764, 1068
1764, 1064
1765, 1063
1765, 1060
1766, 1059
1766, 1057
1767, 1056
1767, 1054
1768, 1053
1768, 1050
1769, 1049
1769, 1047
1770, 1046
1770, 1043
1771, 1042
1771, 1040
1772, 1039
1772, 1036
1773, 1035
1773, 1032
1774, 1031
1774, 1028
1775, 1027
1775, 1024
1776, 1023
1776, 1020
1776, 1023
1775, 1024
1775, 1027
1774, 1028
1774, 1031
1773, 1032
1773, 1035
1772, 1036
1772, 1039
1771, 1040
1771, 1042
1770, 1043
1770, 1046
1769, 1047
1769, 1049
1768, 1050
1768, 1053
1767, 1054
1767, 1056
1766, 1057
1766, 1059
1765, 1060
1765, 1063
1764, 1064
1764, 1068
1763, 1069
1763, 1070
1762, 1071
1762, 1073
1761, 1074
1761, 1077
1760, 1078
1760, 1080
1759, 1081
1759, 1084
1758, 1085
1758, 1088
1757, 1089
1757, 1091
1756, 1092
1756, 1095
1755, 1096
1755, 1098
1754, 1099
1754, 1100
1753, 1101
1753, 1103
1752, 1104
1752, 1105
1751, 1106
1751, 1107
1750, 1108
1750, 1109
1749, 1110
1749, 1111
1748, 1112
1748, 1113
1745, 1116
1745, 1117
1733, 1129
1732, 1129
1730, 1131
1729, 1131
1727, 1133
1726, 1133
1725, 1134
1724, 1134
1723, 1135
1722, 1135
1721, 1136
1719, 1136
1718, 1137
1717, 1137
1716, 1138
1715, 1138
1714, 1139
1713, 1139
1712, 1140
1710, 1140
1709, 1141
1707, 1141
1706, 1142
1705, 1142
1704, 1143
1546, 1144
1544, 1142
1546, 1140
1547, 1140
1548, 1139
1546, 1141
1545, 1141
1544, 1142
1546, 1144
1547, 1143
1548, 1143
1553, 1138
1553, 1137
1550, 1134
1551, 1134
1552, 1133
1552, 1132
1553, 1131
1553, 1132
1551, 1134
1553, 1136
1553, 1139
1550, 1142
1549, 1142
1547, 1144
1472, 1147
1471, 1146
1472, 1147
1473, 1146
1473, 1140
1472, 1139
1472, 1136
1470, 1134
1470, 1133
1468, 1131
1468, 1130
1467, 1129
1467, 1127
1466, 1126
1466, 1123
1466, 1125
1467, 1126
1467, 1129
1470, 1132
1470, 1133
1471, 1134
1471, 1135
1472, 1136
1472, 1138
1473, 1139
1473, 1147
1903, 1150
1902, 1149
1900, 1149
1899, 1148
1897, 1148
1896, 1147
1895, 1147
1894, 1146
1892, 1146
1891, 1145
1890, 1145
1889, 1144
1888, 1144
1885, 1141
1885, 1140
1880, 1135
1879, 1135
1868, 1124
1868, 1122
1867, 1121
1867, 1118
1866, 1117
1865, 1117
1865, 1116
1864, 1115
1864, 1114
1862, 1112
1862, 1110
1861, 1109
1861, 1108
1859, 1106
1859, 1104
1858, 1103
1858, 1102
1857, 1101
1857, 1100
1856, 1099
1856, 1098
1854, 1096
1854, 1095
1852, 1093
1852, 1092
1851, 1091
1851, 1090
1850, 1089
1850, 1087
1849, 1086
1849, 1084
1848, 1083
1848, 1080
1847, 1079
1847, 1075
1846, 1074
1846, 1072
1845, 1071
1845, 1070
1844, 1069
1844, 1068
1843, 1067
1843, 1066
1842, 1065
1842, 1064
1843, 1065
1843, 1066
1844, 1067
1844, 1069
1845, 1070
1845, 1071
1846, 1072
1846, 1074
1847, 1075
1847, 1079
1848, 1080
1848, 1083
1849, 1084
1849, 1086
1850, 1087
1850, 1088
1851, 1089
1851, 1090
1852, 1091
1852, 1092
1854, 1094
1854, 1095
1856, 1097
1856, 1098
1857, 1099
1857, 1100
1858, 1101
1858, 1102
1859, 1103
1859, 1105
1860, 1106
1860, 1107
1861, 1108
1861, 1109
1862, 1110
1862, 1111
1864, 1113
1864, 1114
1865, 1115
1865, 1116
1867, 1118
1867, 1121
1868, 1122
1868, 1123
1880, 1135
1881, 1135
1885, 1139
1885, 1140
1889, 1144
1890, 1144
1891, 1145
1892, 1145
1893, 1146
1895, 1146
1897, 1148
1899, 1148
1900, 1149
1902, 1149
1903, 1150
1905, 1150
1474, 1155
1474, 1154
1472, 1152
1472, 1151
1471, 1150
1471, 1149
1468, 1146
1467, 1147
1467, 1148
1463, 1144
1462, 1144
1456, 1138
1457, 1138
1463, 1144
1464, 1144
1467, 1147
1468, 1146
1468, 1145
1458, 1135
1457, 1135
1455, 1133
1455, 1132
1456, 1133
1458, 1131
1456, 1133
1458, 1135
1459, 1135
1468, 1144
1468, 1146
1471, 1149
1471, 1150
1473, 1152
1473, 1153
1474, 1154
1542, 1158
1542, 1150
1543, 1149
1543, 1148
1544, 1147
1549, 1147
1550, 1148
1552, 1146
1552, 1145
1556, 1141
1557, 1141
1562, 1136
1562, 1135
1565, 1132
1565, 1131
1566, 1130
1566, 1129
1567, 1128
1567, 1127
1569, 1125
1569, 1124
1570, 1123
1570, 1122
1571, 1121
1571, 1119
1572, 1118
1572, 1116
1573, 1115
1573, 1110
1574, 1109
1574, 1105
1573, 1104
1573, 1102
1571, 1100
1571, 1098
1570, 1097
1570, 1096
1570, 1097
1571, 1098
1571, 1099
1572, 1100
1572, 1101
1573, 1102
1573, 1104
1574, 1105
1574, 1109
1573, 1110
1573, 1115
1572, 1116
1572, 1118
1571, 1119
1571, 1121
1570, 1122
1570, 1124
1569, 1125
1569, 1126
1567, 1128
1567, 1129
1566, 1130
1566, 1131
1565, 1132
1565, 1133
1562, 1136
1562, 1137
1558, 1141
1557, 1141
1552, 1146
1552, 1147
1550, 1149
1550, 1148
1549, 1147
1545, 1147
1543, 1149
1543, 1150
1542, 1151
1542, 1153
1543, 1154
1542, 1155
1488, 1175
1488, 1171
1487, 1170
1487, 1165
1486, 1164
1486, 1163
1485, 1162
1486, 1162
1486, 1164
1487, 1165
1487, 1170
1488, 1171
1846, 1177
1846, 1156
1845, 1155
1845, 1150
1844, 1149
1844, 1146
1843, 1145
1843, 1142
1842, 1141
1842, 1127
1841, 1126
1841, 1123
1840, 1122
1840, 1118
1839, 1117
1839, 1113
1838, 1112
1838, 1111
1837, 1110
1837, 1109
1838, 1110
1838, 1112
1839, 1113
1839, 1117
1840, 1118
1840, 1122
1841, 1123
1841, 1126
1842, 1127
1842, 1141
1843, 1142
1843, 1145
1844, 1146
1844, 1149
1845, 1150
1845, 1155
1846, 1156
1509, 1184
1509, 1174
1508, 1173
1508, 1169
1507, 1168
1507, 1165
1506, 1164
1506, 1148
1507, 1147
1507, 1138
1511, 1134
1511, 1133
1515, 1129
1516, 1129
1517, 1128
1518, 1128
1520, 1126
1520, 1125
1519, 1124
1519, 1122
1518, 1121
1518, 1118
1520, 1116
1520, 1115
1521, 1114
1521, 1111
1521, 1114
1520, 1115
1520, 1117
1518, 1119
1518, 1121
1519, 1122
1519, 1123
1520, 1124
1520, 1127
1519, 1128
1517, 1128
1511, 1134
1511, 1135
1507, 1139
1507, 1147
1506, 1148
1506, 1164
1507, 1165
1507, 1168
1508, 1169
1508, 1173
1509, 1174
1572, 1200
1570, 1198
1570, 1197
1569, 1196
1569, 1195
1567, 1193
1567, 1192
1565, 1190
1565, 1189
1560, 1184
1560, 1183
1558, 1181
1558, 1180
1556, 1178
1556, 1177
1554, 1175
1554, 1174
1553, 1173
1553, 1172
1552, 1171
1552, 1168
1552, 1171
1554, 1173
1554, 1174
1556, 1176
1556, 1177
1558, 1179
1558, 1180
1560, 1182
1560, 1183
1565, 1188
1565, 1189
1567, 1191
1567, 1192
1569, 1194
1569, 1195
1570, 1196
1570, 1197
1573, 1200
1562, 1203
1562, 1202
1559, 1199
1558, 1199
1557, 1198
1557, 1197
1553, 1193
1552, 1193
1548, 1189
1547, 1189
1544, 1186
1544, 1185
1542, 1183
1539, 1186
1539, 1188
1540, 1189
1540, 1192
1541, 1193
1540, 1192
1540, 1190
1539, 1189
1539, 1185
1540, 1184
1541, 1184
1542, 1183
1542, 1182
1541, 1181
1541, 1179
1538, 1176
1539, 1176
1541, 1178
1541, 1181
1544, 1184
1544, 1185
1550, 1191
1551, 1191
1553, 1193
1555, 1193
1556, 1192
1555, 1193
1555, 1194
1557, 1196
1557, 1197
1561, 1201
1562, 1201
1542, 1205
1541, 1204
1540, 1204
1540, 1199
1541, 1198
1541, 1199
1540, 1200
1540, 1203
1542, 1205
1544, 1203
1544, 1202
1545, 1201
1545, 1200
1544, 1199
1543, 1199
1544, 1198
1544, 1197
1545, 1197
1544, 1198
1545, 1199
1545, 1202
1544, 1203
1544, 1204
1543, 1205
1507, 1217
1507, 1216
1506, 1215
1506, 1214
1505, 1213
1505, 1212
1503, 1210
1503, 1208
1500, 1205
1500, 1204
1489, 1193
1490, 1193
1491, 1194
1491, 1195
1493, 1197
1494, 1197
1500, 1203
1500, 1204
1502, 1206
1502, 1207
1503, 1208
1503, 1209
1505, 1211
1505, 1213
1506, 1214
1506, 1215
1507, 1216
1558, 1222
1558, 1221
1557, 1220
1556, 1220
1556, 1219
1555, 1218
1555, 1214
1554, 1213
1553, 1213
1552, 1212
1550, 1212
1549, 1213
1551, 1215
1552, 1215
1550, 1215
1549, 1214
1549, 1212
1553, 1212
1555, 1214
1556, 1213
1557, 1213
1558, 1212
1558, 1211
1556, 1209
1556, 1208
1555, 1207
1555, 1206
1554, 1205
1554, 1204
1552, 1202
1552, 1201
1552, 1202
1554, 1204
1554, 1205
1556, 1207
1556, 1208
1557, 1209
1558, 1209
1559, 1208
1559, 1207
1558, 1206
1558, 1205
1557, 1204
1557, 1203
1558, 1204
1558, 1205
1559, 1206
1559, 1208
1560, 1209
1561, 1209
1562, 1210
1562, 1212
1563, 1213
1564, 1213
1565, 1214
1566, 1214
1567, 1215
1567, 1216
1565, 1214
1564, 1214
1563, 1213
1562, 1213
1561, 1214
1561, 1215
1560, 1215
1559, 1216
1562, 1213
1562, 1211
1559, 1208
1558, 1209
1558, 1211
1559, 1212
1559, 1213
1557, 1213
1555, 1215
1555, 1217
1556, 1218
1556, 1219
1557, 1220
1558, 1220
1521, 1222
1521, 1221
1522, 1220
1522, 1215
1523, 1214
1523, 1210
1524, 1209
1524, 1207
1525, 1206
1525, 1203
1526, 1203
1525, 1204
1525, 1206
1524, 1207
1524, 1209
1523, 1210
1523, 1214
1522, 1215
1522, 1220
1521, 1221
1491, 1229
1490, 1228
1489, 1228
1488, 1227
1487, 1227
1486, 1226
1485, 1226
1484, 1225
1484, 1218
1483, 1217
1483, 1215
1482, 1214
1482, 1212
1482, 1214
1483, 1215
1483, 1217
1484, 1218
1484, 1224
1487, 1227
1488, 1227
1489, 1228
1490, 1228
1491, 1229
1492, 1229
1523, 1230
1523, 1228
1524, 1227
1524, 1226
1525, 1225
1525, 1223
1526, 1222
1526, 1220
1527, 1219
1527, 1217
1528, 1216
1528, 1213
1529, 1212
1529, 1210
1530, 1209
1530, 1204
1531, 1203
1531, 1201
1532, 1200
1532, 1198
1533, 1197
1533, 1195
1534, 1194
1534, 1192
1535, 1191
1537, 1191
1537, 1192
1538, 1193
1537, 1193
1537, 1192
1536, 1191
1534, 1193
1534, 1194
1533, 1195
1533, 1198
1532, 1199
1532, 1200
1531, 1201
1531, 1203
1530, 1204
1530, 1209
1529, 1210
1529, 1213
1528, 1214
1528, 1216
1527, 1217
1527, 1219
1526, 1220
1526, 1222
1525, 1223
1525, 1225
1524, 1226
1524, 1228
1523, 1229
1741, 1239
1741, 1233
1740, 1232
1740, 1228
1739, 1227
1739, 1221
1738, 1220
1738, 1218
1737, 1217
1737, 1216
1736, 1215
1736, 1214
1735, 1213
1735, 1212
1734, 1211
1734, 1210
1733, 1209
1733, 1208
1732, 1207
1732, 1206
1731, 1205
1731, 1204
1730, 1203
1730, 1202
1729, 1201
1729, 1200
1728, 1199
1728, 1198
1727, 1197
1727, 1196
1726, 1195
1726, 1194
1725, 1193
1725, 1191
1724, 1190
1724, 1189
1723, 1188
1723, 1187
1722, 1186
1722, 1185
1721, 1184
1721, 1183
1720, 1182
1720, 1181
1719, 1180
1719, 1179
1717, 1177
1717, 1176
1716, 1175
1716, 1174
1715, 1173
1715, 1172
1714, 1171
1714, 1170
1712, 1168
1711, 1168
1711, 1167
1710, 1166
1710, 1165
1709, 1164
1709, 1163
1708, 1162
1708, 1161
1707, 1160
1707, 1158
1706, 1157
1706, 1155
1705, 1154
1705, 1147
1704, 1146
1704, 1145
1704, 1146
1705, 1147
1705, 1154
1706, 1155
1706, 1157
1707, 1158
1707, 1159
1708, 1160
1708, 1161
1709, 1162
1709, 1163
1710, 1164
1710, 1165
1711, 1166
1711, 1167
1712, 1168
1713, 1168
1714, 1169
1714, 1170
1715, 1171
1715, 1172
1716, 1173
1716, 1174
1717, 1175
1717, 1176
1719, 1178
1719, 1179
1720, 1180
1720, 1181
1721, 1182
1721, 1183
1722, 1184
1722, 1185
1723, 1186
1723, 1187
1724, 1188
1724, 1189
1725, 1190
1725, 1192
1726, 1193
1726, 1194
1727, 1195
1727, 1196
1728, 1197
1728, 1198
1729, 1199
1729, 1200
1730, 1201
1730, 1202
1731, 1203
1731, 1204
1732, 1205
1732, 1206
1733, 1207
1733, 1208
1734, 1209
1734, 1210
1735, 1211
1735, 1212
1736, 1213
1736, 1214
1737, 1215
1737, 1217
1738, 1218
1738, 1220
1739, 1221
1739, 1227
1740, 1228
1740, 1232
1741, 1233
1571, 1240
1571, 1239
1570, 1238
1570, 1237
1571, 1236
1570, 1235
1570, 1233
1571, 1232
1571, 1231
1576, 1226
1576, 1223
1574, 1221
1573, 1222
1573, 1223
1572, 1224
1572, 1225
1570, 1227
1570, 1228
1568, 1230
1568, 1229
1570, 1227
1570, 1226
1572, 1224
1572, 1223
1573, 1222
1573, 1221
1575, 1221
1576, 1222
1576, 1226
1575, 1227
1575, 1228
1571, 1232
1571, 1236
1570, 1237
1570, 1238
1571, 1239
1565, 1241
1563, 1239
1563, 1237
1562, 1236
1562, 1227
1563, 1226
1563, 1224
1562, 1223
1563, 1222
1563, 1221
1565, 1219
1569, 1219
1569, 1222
1568, 1223
1568, 1225
1566, 1227
1566, 1226
1567, 1225
1567, 1224
1569, 1222
1569, 1220
1568, 1219
1566, 1219
1563, 1222
1563, 1226
1562, 1227
1562, 1236
1563, 1237
1563, 1239
1565, 1241
1566, 1241
1567, 1240
1567, 1239
1567, 1240
1568, 1241
1505, 1245
1502, 1242
1501, 1242
1500, 1241
1498, 1241
1497, 1240
1493, 1240
1491, 1238
1488, 1238
1488, 1237
1489, 1237
1490, 1238
1492, 1238
1494, 1240
1497, 1240
1498, 1241
1501, 1241
1502, 1242
1503, 1242
1503, 1243
1565, 1246
1565, 1245
1560, 1240
1559, 1240
1558, 1239
1557, 1239
1555, 1237
1552, 1237
1551, 1238
1550, 1238
1551, 1238
1552, 1237
1555, 1237
1556, 1236
1556, 1235
1556, 1237
1559, 1240
1560, 1240
1561, 1241
1562, 1241
1563, 1242
1563, 1243
1565, 1245
1729, 1267
1729, 1264
1728, 1263
1728, 1262
1725, 1259
1724, 1259
1723, 1258
1720, 1258
1715, 1263
1715, 1264
1715, 1262
1719, 1258
1724, 1258
1725, 1259
1726, 1259
1728, 1261
1728, 1263
1729, 1264
1666, 1269
1666, 1264
1662, 1260
1661, 1260
1660, 1259
1657, 1259
1653, 1263
1653, 1264
1652, 1265
1653, 1264
1653, 1262
1655, 1260
1656, 1260
1657, 1259
1661, 1259
1662, 1260
1663, 1260
1665, 1262
1665, 1263
1666, 1264
1666, 1268
1667, 1269
1669, 1269
1670, 1268
1671, 1268
1675, 1264
1675, 1261
1674, 1260
1673, 1260
1673, 1259
1675, 1261
1677, 1261
1676, 1262
1676, 1263
1675, 1264
1675, 1265
1672, 1268
1671, 1268
1670, 1269
1507, 1273
1506, 1272
1505, 1272
1504, 1271
1502, 1271
1500, 1269
1500, 1264
1501, 1263
1501, 1260
1499, 1258
1497, 1258
1496, 1257
1495, 1257
1493, 1255
1492, 1255
1491, 1254
1490, 1254
1487, 1251
1485, 1253
1485, 1255
1488, 1258
1489, 1258
1490, 1259
1491, 1259
1493, 1261
1492, 1260
1491, 1260
1489, 1258
1487, 1258
1485, 1256
1485, 1252
1486, 1251
1488, 1251
1491, 1254
1492, 1254
1493, 1255
1494, 1255
1497, 1258
1500, 1258
1501, 1259
1501, 1264
1500, 1265
1500, 1268
1503, 1271
1505, 1271
1764, 1277
1764, 1276
1763, 1275
1763, 1274
1764, 1273
1764, 1265
1765, 1264
1765, 1256
1766, 1255
1766, 1252
1767, 1251
1767, 1247
1768, 1246
1768, 1239
1769, 1238
1769, 1236
1770, 1235
1770, 1230
1771, 1229
1771, 1225
1772, 1224
1772, 1217
1773, 1216
1773, 1212
1774, 1211
1774, 1197
1773, 1196
1773, 1194
1773, 1196
1774, 1197
1774, 1211
1773, 1212
1773, 1216
1772, 1217
1772, 1224
1771, 1225
1771, 1229
1770, 1230
1770, 1235
1769, 1236
1769, 1238
1768, 1239
1768, 1246
1767, 1247
1767, 1251
1766, 1252
1766, 1255
1765, 1256
1765, 1264
1764, 1265
1764, 1273
1763, 1274
1763, 1275
1764, 1276
1740, 1277
1739, 1276
1731, 1276
1730, 1275
1727, 1275
1726, 1274
1724, 1274
1723, 1273
1720, 1273
1719, 1272
1718, 1272
1716, 1270
1715, 1270
1712, 1267
1712, 1266
1711, 1265
1711, 1264
1710, 1263
1710, 1261
1709, 1260
1709, 1256
1708, 1255
1708, 1252
1708, 1255
1709, 1256
1714, 1256
1711, 1256
1709, 1258
1709, 1260
1710, 1261
1710, 1263
1712, 1265
1712, 1266
1716, 1270
1717, 1270
1719, 1272
1720, 1272
1721, 1273
1723, 1273
1724, 1274
1727, 1274
1728, 1275
1730, 1275
1731, 1276
1739, 1276
1663, 1278
1662, 1277
1661, 1277
1660, 1276
1655, 1276
1654, 1275
1653, 1275
1652, 1274
1650, 1274
1652, 1274
1653, 1275
1654, 1275
1655, 1276
1661, 1276
1663, 1278
1666, 1275
1668, 1275
1669, 1276
1672, 1276
1675, 1273
1676, 1273
1682, 1267
1681, 1268
1681, 1269
1677, 1273
1676, 1273
1674, 1275
1673, 1275
1672, 1276
1668, 1276
1667, 1275
1666, 1275
1665, 1276
1665, 1277
1664, 1278
1527, 1287
1525, 1285
1524, 1285
1523, 1284
1523, 1283
1524, 1282
1524, 1281
1525, 1280
1525, 1277
1528, 1277
1529, 1278
1530, 1278
1532, 1276
1532, 1275
1533, 1274
1531, 1272
1526, 1272
1526, 1271
1525, 1270
1526, 1269
1525, 1268
1525, 1265
1523, 1263
1521, 1263
1520, 1262
1518, 1262
1517, 1261
1516, 1261
1515, 1260
1514, 1261
1513, 1261
1512, 1262
1511, 1262
1510, 1263
1511, 1262
1512, 1262
1513, 1261
1514, 1261
1515, 1260
1512, 1257
1511, 1257
1509, 1255
1508, 1255
1505, 1252
1502, 1252
1501, 1251
1500, 1251
1499, 1250
1498, 1250
1495, 1247
1491, 1247
1489, 1245
1490, 1246
1491, 1246
1492, 1247
1496, 1247
1499, 1250
1500, 1250
1502, 1252
1506, 1252
1509, 1255
1510, 1255
1512, 1257
1513, 1257
1517, 1261
1518, 1261
1519, 1262
1520, 1262
1521, 1263
1524, 1263
1525, 1264
1525, 1268
1526, 1269
1526, 1271
1527, 1272
1532, 1272
1534, 1274
1535, 1274
1536, 1275
1540, 1275
1540, 1278
1539, 1279
1539, 1281
1540, 1282
1541, 1282
1542, 1283
1543, 1283
1544, 1284
1543, 1283
1541, 1285
1537, 1285
1541, 1285
1542, 1284
1540, 1282
1539, 1282
1539, 1279
1540, 1278
1540, 1276
1539, 1275
1536, 1275
1535, 1274
1533, 1274
1532, 1275
1532, 1276
1534, 1278
1534, 1282
1535, 1283
1535, 1287
1662, 1289
1661, 1288
1659, 1288
1658, 1287
1657, 1287
1655, 1285
1654, 1285
1648, 1279
1647, 1279
1620, 1252
1620, 1251
1615, 1246
1615, 1245
1611, 1241
1611, 1240
1609, 1238
1609, 1237
1606, 1234
1606, 1233
1605, 1232
1605, 1231
1603, 1229
1603, 1228
1601, 1226
1601, 1225
1598, 1222
1598, 1221
1596, 1219
1596, 1218
1595, 1217
1596, 1216
1595, 1215
1595, 1214
1594, 1213
1594, 1212
1592, 1210
1591, 1210
1590, 1209
1590, 1208
1586, 1204
1586, 1203
1584, 1201
1584, 1200
1582, 1198
1582, 1197
1579, 1194
1579, 1193
1576, 1190
1576, 1189
1574, 1187
1574, 1186
1572, 1184
1572, 1183
1570, 1181
1570, 1180
1568, 1178
1568, 1177
1564, 1173
1564, 1172
1559, 1167
1559, 1166
1556, 1163
1556, 1162
1552, 1158
1552, 1156
1550, 1154
1549, 1155
1549, 1158
1548, 1159
1548, 1167
1549, 1168
1549, 1171
1550, 1172
1550, 1174
1551, 1175
1551, 1176
1550, 1177
1550, 1179
1549, 1180
1549, 1181
1550, 1182
1550, 1184
1549, 1185
1550, 1184
1550, 1183
1549, 1182
1549, 1180
1550, 1179
1550, 1177
1551, 1176
1551, 1175
1550, 1174
1550, 1173
1549, 1172
1549, 1168
1548, 1167
1548, 1158
1549, 1157
1549, 1154
1551, 1154
1552, 1155
1552, 1157
1556, 1161
1556, 1162
1559, 1165
1559, 1166
1564, 1171
1564, 1172
1568, 1176
1568, 1177
1570, 1179
1570, 1180
1572, 1182
1572, 1183
1574, 1185
1574, 1186
1576, 1188
1576, 1189
1579, 1192
1579, 1193
1582, 1196
1582, 1197
1584, 1199
1584, 1200
1586, 1202
1586, 1203
1590, 1207
1590, 1208
1592, 1210
1593, 1210
1594, 1211
1594, 1212
1595, 1213
1595, 1215
1596, 1216
1596, 1218
1598, 1220
1598, 1221
1601, 1224
1601, 1225
1603, 1227
1603, 1228
1605, 1230
1605, 1231
1606, 1232
1606, 1233
1609, 1236
1609, 1237
1611, 1239
1611, 1240
1615, 1244
1615, 1245
1620, 1250
1620, 1251
1648, 1279
1649, 1279
1655, 1285
1656, 1285
1658, 1287
1659, 1287
1660, 1288
1661, 1288
1662, 1289
1663, 1289
1569, 1291
1569, 1286
1568, 1285
1568, 1284
1569, 1283
1569, 1280
1570, 1279
1570, 1276
1570, 1279
1569, 1280
1569, 1283
1568, 1284
1568, 1285
1569, 1286
1619, 1317
1620, 1316
1620, 1315
1621, 1314
1621, 1313
1622, 1312
1622, 1307
1623, 1306
1623, 1303
1624, 1302
1624, 1299
1625, 1298
1625, 1297
1626, 1296
1626, 1294
1628, 1296
1628, 1297
1633, 1302
1633, 1303
1640, 1310
1640, 1311
1646, 1317
1645, 1317
1640, 1312
1640, 1311
1633, 1304
1633, 1303
1628, 1298
1628, 1297
1627, 1296
1626, 1296
1625, 1297
1625, 1298
1624, 1299
1624, 1303
1623, 1304
1623, 1306
1622, 1307
1622, 1311
1623, 1312
1625, 1312
1623, 1312
1621, 1314
1621, 1315
1620, 1316
1620, 1317
1615, 1317
1615, 1314
1619, 1310
1619, 1306
1620, 1305
1620, 1303
1621, 1302
1621, 1298
1622, 1297
1622, 1295
1624, 1293
1623, 1292
1623, 1291
1621, 1289
1621, 1288
1618, 1285
1618, 1284
1616, 1282
1616, 1281
1614, 1279
1614, 1278
1613, 1277
1613, 1276
1611, 1274
1611, 1273
1610, 1272
1610, 1271
1608, 1269
1608, 1268
1607, 1267
1607, 1266
1605, 1264
1605, 1263
1604, 1262
1604, 1261
1602, 1259
1602, 1258
1601, 1257
1601, 1256
1600, 1255
1600, 1254
1598, 1252
1598, 1251
1597, 1250
1597, 1249
1595, 1247
1595, 1246
1594, 1245
1594, 1244
1593, 1243
1593, 1242
1592, 1241
1592, 1240
1591, 1239
1591, 1238
1590, 1237
1590, 1236
1589, 1235
1589, 1234
1588, 1233
1588, 1232
1587, 1231
1587, 1230
1586, 1229
1586, 1227
1585, 1226
1585, 1225
1584, 1224
1584, 1223
1583, 1222
1583, 1221
1582, 1220
1582, 1219
1577, 1214
1577, 1213
1576, 1212
1576, 1210
1575, 1209
1575, 1207
1574, 1206
1573, 1206
1570, 1203
1564, 1203
1570, 1203
1571, 1204
1572, 1204
1575, 1207
1575, 1209
1576, 1210
1576, 1211
1577, 1212
1577, 1213
1582, 1218
1582, 1219
1583, 1220
1583, 1222
1585, 1224
1585, 1226
1586, 1227
1586, 1228
1587, 1229
1587, 1230
1588, 1231
1588, 1233
1590, 1235
1590, 1236
1591, 1237
1591, 1238
1592, 1239
1592, 1240
1593, 1241
1593, 1242
1594, 1243
1594, 1244
1595, 1245
1595, 1246
1597, 1248
1597, 1249
1598, 1250
1598, 1251
1600, 1253
1600, 1254
1601, 1255
1601, 1256
1602, 1257
1602, 1258
1604, 1260
1604, 1261
1605, 1262
1605, 1263
1607, 1265
1607, 1266
1608, 1267
1608, 1268
1610, 1270
1610, 1271
1611, 1272
1611, 1273
1613, 1275
1613, 1276
1614, 1277
1614, 1278
1616, 1280
1616, 1281
1618, 1283
1618, 1284
1621, 1287
1621, 1288
1623, 1290
1623, 1291
1624, 1292
1624, 1293
1623, 1294
1623, 1295
1622, 1296
1622, 1298
1621, 1299
1621, 1302
1620, 1303
1620, 1306
1619, 1307
1619, 1310
1618, 1311
1618, 1312
1615, 1315
1655, 1322
1655, 1318
1654, 1317
1654, 1316
1652, 1314
1651, 1314
1641, 1304
1641, 1303
1636, 1298
1636, 1297
1628, 1289
1628, 1288
1626, 1286
1626, 1285
1623, 1282
1623, 1281
1620, 1278
1620, 1277
1618, 1275
1618, 1274
1616, 1272
1616, 1271
1614, 1269
1614, 1268
1613, 1267
1613, 1266
1612, 1265
1612, 1264
1610, 1262
1610, 1261
1608, 1259
1608, 1258
1607, 1257
1607, 1256
1606, 1255
1606, 1254
1605, 1253
1605, 1252
1604, 1251
1604, 1250
1603, 1249
1603, 1247
1601, 1245
1601, 1244
1600, 1243
1600, 1242
1599, 1241
1599, 1240
1598, 1239
1598, 1237
1597, 1236
1597, 1235
1596, 1234
1596, 1233
1595, 1232
1595, 1231
1594, 1230
1594, 1228
1593, 1227
1593, 1226
1592, 1225
1592, 1223
1591, 1222
1591, 1221
1590, 1220
1590, 1219
1589, 1218
1589, 1217
1588, 1216
1588, 1215
1589, 1215
1588, 1216
1589, 1217
1589, 1218
1591, 1220
1591, 1222
1592, 1223
1592, 1225
1594, 1227
1594, 1229
1595, 1230
1595, 1232
1597, 1234
1597, 1235
1598, 1236
1598, 1238
1599, 1239
1599, 1240
1600, 1241
1600, 1242
1601, 1243
1601, 1244
1602, 1245
1602, 1246
1603, 1247
1603, 1248
1604, 1249
1604, 1250
1605, 1251
1605, 1253
1607, 1255
1607, 1256
1608, 1257
1608, 1258
1610, 1260
1610, 1262
1613, 1265
1613, 1266
1614, 1267
1614, 1268
1616, 1270
1616, 1271
1618, 1273
1618, 1274
1620, 1276
1620, 1277
1623, 1280
1623, 1281
1626, 1284
1626, 1285
1628, 1287
1628, 1288
1634, 1294
1634, 1295
1641, 1302
1641, 1303
1653, 1315
1654, 1315
1654, 1316
1655, 1317
1747, 1324
1747, 1323
1748, 1322
1748, 1321
1750, 1319
1750, 1318
1751, 1317
1751, 1316
1752, 1315
1752, 1312
1753, 1311
1753, 1309
1754, 1308
1754, 1306
1755, 1305
1755, 1303
1756, 1302
1756, 1298
1757, 1297
1757, 1294
1758, 1293
1758, 1287
1759, 1286
1759, 1275
1760, 1274
1760, 1254
1761, 1253
1761, 1234
1762, 1233
1762, 1222
1763, 1221
1763, 1216
1764, 1215
1764, 1209
1765, 1208
1765, 1203
1766, 1202
1766, 1197
1767, 1196
1767, 1187
1768, 1186
1768, 1179
1769, 1178
1769, 1162
1770, 1161
1770, 1144
1769, 1143
1769, 1133
1768, 1132
1768, 1124
1767, 1123
1767, 1115
1766, 1114
1766, 1108
1765, 1107
1765, 1101
1764, 1100
1764, 1094
1763, 1093
1763, 1078
1763, 1093
1764, 1094
1764, 1100
1765, 1101
1765, 1107
1766, 1108
1766, 1114
1767, 1115
1767, 1123
1768, 1124
1768, 1132
1769, 1133
1769, 1143
1770, 1144
1770, 1161
1769, 1162
1769, 1178
1768, 1179
1768, 1186
1767, 1187
1767, 1196
1766, 1197
1766, 1202
1765, 1203
1765, 1208
1764, 1209
1764, 1215
1763, 1216
1763, 1221
1762, 1222
1762, 1233
1761, 1234
1761, 1253
1760, 1254
1760, 1274
1759, 1275
1759, 1286
1758, 1287
1758, 1293
1757, 1294
1757, 1297
1756, 1298
1756, 1302
1755, 1303
1755, 1305
1754, 1306
1754, 1308
1753, 1309
1753, 1311
1752, 1312
1752, 1315
1751, 1316
1751, 1318
1750, 1319
1750, 1320
1748, 1322
1748, 1323
1655, 1334
1653, 1332
1653, 1331
1652, 1330
1652, 1329
1651, 1328
1651, 1326
1650, 1325
1650, 1322
1650, 1324
1651, 1325
1651, 1328
1653, 1330
1653, 1331
1654, 1332
1654, 1333
1662, 1344
1662, 1339
1661, 1338
1661, 1333
1660, 1332
1660, 1331
1659, 1330
1659, 1329
1656, 1326
1655, 1327
1655, 1329
1656, 1330
1656, 1331
1657, 1332
1657, 1333
1657, 1332
1656, 1331
1656, 1330
1655, 1329
1655, 1328
1654, 1327
1655, 1327
1656, 1326
1656, 1325
1656, 1326
1657, 1327
1658, 1327
1659, 1328
1659, 1329
1660, 1330
1660, 1331
1661, 1332
1661, 1338
1662, 1339
1667, 1358
1669, 1356
1672, 1356
1673, 1355
1677, 1355
1678, 1354
1681, 1354
1681, 1355
1680, 1356
1681, 1355
1680, 1354
1678, 1354
1677, 1355
1676, 1355
1675, 1356
1674, 1355
1673, 1355
1672, 1356
1669, 1356
1677, 1359
1681, 1359
1684, 1356
1684, 1355
1685, 1354
1685, 1352
1682, 1349
1681, 1349
1677, 1345
1676, 1345
1670, 1339
1669, 1339
1663, 1333
1664, 1333
1670, 1339
1671, 1339
1677, 1345
1678, 1345
1682, 1349
1683, 1349
1685, 1351
1685, 1355
1684, 1356
1684, 1357
1682, 1359
1791, 1363
1790, 1362
1789, 1362
1788, 1361
1787, 1361
1786, 1360
1784, 1360
1783, 1359
1782, 1359
1780, 1357
1779, 1357
1778, 1356
1777, 1356
1776, 1355
1775, 1355
1774, 1354
1771, 1354
1770, 1353
1769, 1353
1768, 1352
1767, 1352
1766, 1351
1764, 1351
1763, 1350
1762, 1350
1761, 1349
1759, 1349
1758, 1348
1757, 1348
1756, 1347
1755, 1347
1754, 1346
1753, 1346
1751, 1344
1750, 1344
1749, 1343
1748, 1343
1747, 1342
1746, 1342
1745, 1341
1744, 1341
1743, 1340
1742, 1340
1739, 1337
1737, 1337
1736, 1336
1735, 1336
1733, 1334
1732, 1334
1729, 1331
1728, 1331
1728, 1328
1730, 1326
1730, 1325
1731, 1324
1731, 1322
1732, 1321
1732, 1320
1733, 1319
1733, 1317
1734, 1316
1734, 1312
1735, 1311
1735, 1307
1736, 1306
1736, 1303
1737, 1302
1737, 1299
1738, 1298
1738, 1297
1739, 1296
1739, 1293
1738, 1292
1739, 1291
1739, 1290
1740, 1289
1740, 1287
1738, 1285
1737, 1285
1736, 1284
1735, 1284
1734, 1283
1733, 1283
1732, 1282
1730, 1282
1729, 1281
1727, 1281
1726, 1280
1724, 1280
1722, 1278
1721, 1278
1721, 1277
1722, 1278
1723, 1278
1725, 1280
1726, 1280
1727, 1281
1729, 1281
1730, 1282
1732, 1282
1733, 1283
1736, 1283
1738, 1285
1739, 1285
1740, 1286
1740, 1289
1739, 1290
1739, 1291
1738, 1292
1739, 1293
1739, 1296
1738, 1297
1738, 1298
1737, 1299
1737, 1302
1736, 1303
1736, 1306
1735, 1307
1735, 1311
1734, 1312
1734, 1316
1733, 1317
1733, 1320
1732, 1321
1732, 1322
1731, 1323
1731, 1325
1730, 1326
1730, 1327
1728, 1329
1728, 1330
1729, 1331
1730, 1331
1733, 1334
1734, 1334
1736, 1336
1737, 1336
1738, 1337
1739, 1337
1740, 1338
1741, 1338
1743, 1340
1744, 1340
1745, 1341
1746, 1341
1748, 1343
1750, 1343
1751, 1344
1752, 1344
1754, 1346
1755, 1346
1757, 1348
1759, 1348
1760, 1349
1761, 1349
1762, 1350
1764, 1350
1765, 1351
1766, 1351
1767, 1352
1769, 1352
1770, 1353
1771, 1353
1772, 1354
1775, 1354
1776, 1355
1777, 1355
1778, 1356
1779, 1356
1780, 1357
1781, 1357
1783, 1359
1784, 1359
1785, 1360
1786, 1360
1787, 1361
1788, 1361
1789, 1362
1790, 1362
1791, 1363
1792, 1363
1638, 1363
1642, 1363
1643, 1362
1643, 1361
1645, 1359
1646, 1359
1647, 1358
1650, 1358
1651, 1357
1654, 1357
1655, 1356
1656, 1356
1657, 1355
1660, 1355
1661, 1354
1668, 1354
1661, 1354
1660, 1355
1657, 1355
1656, 1356
1655, 1356
1654, 1357
1651, 1357
1650, 1358
1647, 1358
1642, 1363
1791, 1420
1790, 1419
1788, 1419
1787, 1418
1786, 1418
1783, 1415
1782, 1415
1778, 1411
1777, 1411
1774, 1408
1773, 1408
1769, 1404
1768, 1404
1766, 1402
1765, 1402
1763, 1400
1762, 1400
1760, 1398
1759, 1398
1757, 1396
1756, 1396
1755, 1395
1754, 1395
1753, 1394
1752, 1394
1750, 1392
1749, 1392
1748, 1391
1747, 1391
1745, 1389
1744, 1389
1742, 1387
1741, 1387
1740, 1386
1741, 1386
1742, 1387
1743, 1387
1746, 1390
1747, 1390
1748, 1391
1749, 1391
1750, 1392
1751, 1392
1753, 1394
1754, 1394
1756, 1396
1758, 1396
1760, 1398
1761, 1398
1763, 1400
1764, 1400
1766, 1402
1767, 1402
1769, 1404
1770, 1404
1774, 1408
1775, 1408
1778, 1411
1779, 1411
1783, 1415
1784, 1415
1787, 1418
1788, 1418
1789, 1419
1791, 1419
1792, 1420
1798, 1420
1799, 1419
1805, 1419
1806, 1418
1807, 1418
1806, 1419
1800, 1419
1799, 1420
1525, 1426
1524, 1425
1524, 1423
1523, 1422
1523, 1421
1522, 1420
1522, 1418
1521, 1417
1521, 1416
1520, 1415
1520, 1413
1519, 1412
1519, 1409
1518, 1408
1518, 1405
1517, 1404
1517, 1400
1516, 1399
1516, 1394
1515, 1393
1515, 1389
1514, 1388
1514, 1384
1513, 1383
1513, 1369
1512, 1368
1512, 1351
1513, 1350
1513, 1346
1514, 1345
1514, 1342
1515, 1341
1515, 1339
1516, 1338
1516, 1336
1517, 1335
1517, 1332
1519, 1330
1519, 1329
1520, 1328
1520, 1327
1522, 1325
1522, 1324
1523, 1323
1523, 1322
1524, 1321
1524, 1313
1525, 1312
1525, 1309
1526, 1308
1526, 1306
1527, 1305
1527, 1303
1528, 1302
1528, 1301
1529, 1300
1529, 1299
1530, 1298
1530, 1297
1532, 1295
1533, 1296
1533, 1301
1532, 1302
1532, 1307
1533, 1308
1533, 1310
1534, 1311
1534, 1312
1536, 1314
1536, 1315
1538, 1317
1536, 1319
1536, 1324
1537, 1325
1537, 1326
1538, 1327
1538, 1330
1540, 1332
1540, 1334
1540, 1333
1539, 1332
1539, 1331
1538, 1330
1538, 1327
1537, 1326
1537, 1325
1536, 1324
1536, 1319
1537, 1318
1537, 1317
1536, 1316
1536, 1315
1535, 1314
1535, 1313
1534, 1312
1534, 1311
1533, 1310
1533, 1308
1532, 1307
1532, 1302
1533, 1301
1533, 1296
1532, 1295
1531, 1296
1531, 1297
1530, 1298
1530, 1299
1529, 1300
1529, 1301
1528, 1302
1528, 1303
1527, 1304
1527, 1305
1526, 1306
1526, 1308
1525, 1309
1525, 1312
1524, 1313
1524, 1321
1523, 1322
1523, 1324
1522, 1325
1522, 1326
1520, 1328
1520, 1329
1519, 1330
1519, 1331
1517, 1333
1517, 1335
1516, 1336
1516, 1338
1515, 1339
1515, 1341
1514, 1342
1514, 1345
1513, 1346
1513, 1350
1512, 1351
1512, 1368
1513, 1369
1513, 1383
1514, 1384
1514, 1388
1515, 1389
1515, 1393
1516, 1394
1516, 1399
1517, 1400
1517, 1404
1518, 1405
1518, 1408
1519, 1409
1519, 1412
1520, 1413
1520, 1415
1521, 1416
1521, 1417
1522, 1418
1522, 1419
1523, 1420
1523, 1421
1524, 1422
1524, 1424
1525, 1425
1904, 1458
1901, 1455
1901, 1454
1890, 1443
1890, 1442
1889, 1441
1889, 1440
1886, 1437
1887, 1438
1888, 1438
1889, 1439
1889, 1440
1890, 1441
1890, 1442
1901, 1453
1901, 1454
1905, 1458
1620, 1486
1629, 1486
1630, 1485
1633, 1485
1634, 1484
1637, 1484
1638, 1483
1641, 1483
1642, 1482
1643, 1482
1644, 1481
1646, 1481
1647, 1480
1649, 1480
1650, 1479
1651, 1479
1652, 1478
1653, 1478
1654, 1477
1655, 1477
1657, 1475
1658, 1475
1660, 1473
1661, 1473
1663, 1471
1664, 1471
1665, 1470
1666, 1470
1669, 1467
1670, 1467
1672, 1465
1673, 1465
1675, 1463
1676, 1463
1682, 1457
1683, 1457
1684, 1456
1687, 1456
1692, 1451
1692, 1450
1694, 1448
1694, 1447
1698, 1443
1698, 1442
1700, 1440
1700, 1439
1703, 1436
1703, 1435
1704, 1435
1705, 1434
1706, 1434
1715, 1425
1715, 1424
1716, 1423
1716, 1422
1718, 1420
1718, 1419
1720, 1417
1720, 1415
1721, 1414
1721, 1412
1722, 1411
1722, 1410
1724, 1408
1724, 1407
1725, 1406
1725, 1405
1727, 1403
1727, 1402
1728, 1401
1729, 1401
1733, 1397
1733, 1396
1735, 1394
1735, 1392
1736, 1391
1736, 1390
1737, 1389
1737, 1388
1737, 1389
1736, 1390
1736, 1391
1735, 1392
1735, 1394
1734, 1395
1734, 1396
1733, 1397
1733, 1398
1730, 1401
1729, 1401
1727, 1403
1727, 1404
1725, 1406
1725, 1407
1724, 1408
1724, 1409
1722, 1411
1722, 1412
1721, 1413
1721, 1414
1720, 1415
1720, 1417
1719, 1418
1719, 1419
1718, 1420
1718, 1421
1716, 1423
1716, 1424
1715, 1425
1715, 1426
1707, 1434
1706, 1434
1705, 1435
1704, 1435
1703, 1436
1703, 1437
1700, 1440
1700, 1441
1698, 1443
1698, 1444
1694, 1448
1694, 1449
1692, 1451
1692, 1452
1688, 1456
1685, 1456
1684, 1457
1683, 1457
1677, 1463
1676, 1463
1674, 1465
1673, 1465
1671, 1467
1670, 1467
1667, 1470
1666, 1470
1665, 1471
1664, 1471
1662, 1473
1661, 1473
1659, 1475
1658, 1475
1656, 1477
1655, 1477
1654, 1478
1653, 1478
1652, 1479
1650, 1479
1649, 1480
1647, 1480
1646, 1481
1644, 1481
1643, 1482
1642, 1482
1641, 1483
1638, 1483
1637, 1484
1634, 1484
1633, 1485
1630, 1485
1629, 1486
1903, 1526
1902, 1525
1900, 1525
1892, 1517
1891, 1517
1883, 1509
1882, 1509
1882, 1508
1851, 1477
1851, 1476
1850, 1475
1850, 1474
1851, 1475
1851, 1476
1882, 1507
1882, 1508
1883, 1509
1884, 1509
1892, 1517
1893, 1517
1901, 1525
1902, 1525
1903, 1526
1905, 1526
1816, 1531
1816, 1526
1817, 1525
1817, 1524
1818, 1523
1818, 1522
1820, 1520
1820, 1519
1821, 1518
1821, 1517
1823, 1515
1823, 1514
1824, 1513
1824, 1512
1825, 1511
1825, 1510
1827, 1508
1827, 1507
1828, 1506
1828, 1505
1830, 1503
1830, 1502
1831, 1501
1831, 1500
1833, 1498
1833, 1497
1834, 1496
1834, 1495
1836, 1493
1836, 1492
1837, 1491
1837, 1490
1839, 1488
1839, 1487
1840, 1486
1840, 1485
1841, 1484
1841, 1483
1842, 1482
1842, 1481
1844, 1479
1844, 1478
1845, 1477
1845, 1476
1846, 1475
1847, 1475
1848, 1474
1848, 1470
1845, 1467
1845, 1466
1839, 1460
1838, 1460
1838, 1459
1835, 1456
1835, 1455
1833, 1453
1833, 1452
1830, 1449
1830, 1448
1828, 1446
1828, 1445
1825, 1442
1825, 1441
1824, 1440
1824, 1439
1822, 1437
1822, 1436
1820, 1434
1820, 1433
1818, 1431
1818, 1430
1816, 1428
1816, 1427
1814, 1425
1814, 1424
1813, 1423
1813, 1422
1810, 1419
1810, 1418
1809, 1417
1809, 1416
1810, 1415
1810, 1413
1811, 1412
1811, 1409
1812, 1408
1812, 1397
1811, 1396
1811, 1391
1810, 1390
1810, 1385
1809, 1384
1809, 1382
1808, 1381
1808, 1379
1807, 1378
1807, 1376
1806, 1375
1806, 1373
1805, 1372
1805, 1371
1804, 1370
1804, 1368
1803, 1367
1803, 1365
1802, 1364
1802, 1362
1801, 1361
1801, 1359
1799, 1357
1799, 1356
1797, 1354
1797, 1353
1796, 1352
1796, 1351
1792, 1347
1791, 1347
1778, 1334
1778, 1333
1777, 1332
1776, 1332
1773, 1329
1772, 1329
1769, 1326
1768, 1326
1766, 1324
1765, 1324
1762, 1321
1761, 1321
1761, 1320
1762, 1321
1763, 1321
1764, 1320
1764, 1317
1763, 1316
1763, 1315
1762, 1314
1762, 1311
1761, 1310
1761, 1307
1762, 1306
1762, 1301
1761, 1300
1761, 1298
1762, 1297
1762, 1293
1763, 1292
1763, 1286
1764, 1285
1764, 1284
1765, 1283
1765, 1279
1766, 1278
1766, 1277
1767, 1276
1767, 1273
1767, 1276
1766, 1277
1766, 1278
1765, 1279
1765, 1283
1764, 1284
1764, 1285
1763, 1286
1763, 1292
1762, 1293
1762, 1297
1761, 1298
1761, 1300
1762, 1301
1762, 1306
1761, 1307
1761, 1310
1762, 1311
1762, 1314
1763, 1315
1763, 1316
1764, 1317
1764, 1320
1763, 1321
1766, 1324
1767, 1324
1769, 1326
1770, 1326
1774, 1330
1775, 1330
1777, 1332
1778, 1332
1778, 1333
1792, 1347
1793, 1347
1796, 1350
1796, 1351
1797, 1352
1797, 1353
1799, 1355
1799, 1356
1800, 1357
1800, 1358
1801, 1359
1801, 1361
1802, 1362
1802, 1364
1803, 1365
1803, 1367
1804, 1368
1804, 1370
1805, 1371
1805, 1372
1806, 1373
1806, 1375
1807, 1376
1807, 1378
1808, 1379
1808, 1381
1809, 1382
1809, 1384
1810, 1385
1810, 1390
1811, 1391
1811, 1396
1812, 1397
1812, 1408
1811, 1409
1811, 1412
1810, 1413
1810, 1415
1809, 1416
1809, 1417
1813, 1421
1813, 1422
1814, 1423
1814, 1424
1816, 1426
1816, 1427
1818, 1429
1818, 1430
1820, 1432
1820, 1433
1822, 1435
1822, 1436
1824, 1438
1824, 1439
1825, 1440
1825, 1441
1828, 1444
1828, 1445
1830, 1447
1830, 1448
1833, 1451
1833, 1452
1835, 1454
1835, 1455
1838, 1458
1838, 1459
1839, 1460
1840, 1460
1845, 1465
1845, 1466
1847, 1468
1847, 1469
1848, 1470
1848, 1474
1845, 1477
1845, 1478
1844, 1479
1844, 1480
1842, 1482
1842, 1483
1841, 1484
1841, 1485
1840, 1486
1840, 1487
1839, 1488
1839, 1489
1837, 1491
1837, 1492
1836, 1493
1836, 1494
1834, 1496
1834, 1497
1833, 1498
1833, 1499
1831, 1501
1831, 1502
1830, 1503
1830, 1504
1828, 1506
1828, 1507
1827, 1508
1827, 1509
1825, 1511
1825, 1512
1824, 1513
1824, 1514
1823, 1515
1823, 1516
1821, 1518
1821, 1519
1820, 1520
1820, 1521
1818, 1523
1818, 1524
1817, 1525
1817, 1526
1816, 1527
